=========================  AcT  =========================
{'base_model': 'AcT', 'pretrained': True, 'lr': 0.05, 'start_epoch': 1, 'num_epochs': 30, 'continue_epoch': False, 'num_classes': 10, 'batch_size': 16, 'annotation_path': '../dataset/annotation_dict.json', 'augmented_annotation_path': '../dataset/augmented_annotation_dict.json', 'model_path': './models/weights/AcT/', 'history_path': './history/'}checkpoint_name:AcT 1epoch lr:0.05
train_loss: 1.99246 || train_acc: 0.30167 || train_f1: 0.06192 || train_precision: 0.10514 || train_recall: 0.10007
[[   0    0   32    4    0    0    7    0   33  605]
 [   0    0   21    0    0    0    3    0   37  683]
 [   0    2  138   11    2    4   22    1  192 3802]
 [   0    0   75    8    0    1   14    1  124 2248]
 [   0    0   16    2    0    0    1    0   13  258]
 [   0    0   48    6    0    1   11    0   81 1555]
 [   0    0   89    9    1    0   13    1  123 2459]
 [   0    0   18    0    1    0    1    1   24  452]
 [   0    1  140   20    3    2   31    1  215 4093]
 [   0    1  269   33    1    4   50    2  384 7455]]
val_loss: 1.99476 || val_acc: 0.31907 || val_f1: 0.04838 || val_precision: 0.03191 || val_recall: 0.1
[[   0    0    0    0    0    0    0    0    0  315]
 [   0    0    0    0    0    0    0    0    0  326]
 [   0    0    0    0    0    0    0    0    0 1750]
 [   0    0    0    0    0    0    0    0    0 1019]
 [   0    0    0    0    0    0    0    0    0  136]
 [   0    0    0    0    0    0    0    0    0  660]
 [   0    0    0    0    0    0    0    0    0 1171]
 [   0    0    0    0    0    0    0    0    0  215]
 [   0    0    0    0    0    0    0    0    0 1984]
 [   0    0    0    0    0    0    0    0    0 3550]]
BEST VAL Acc :   0.3191
checkpoint_name:AcT 2epoch lr:0.05
train_loss: 1.97974 || train_acc: 0.29516 || train_f1: 0.06654 || train_precision: 0.08286 || train_recall: 0.10008
[[   0    0   26    5    0    0    1    0   55  594]
 [   0    0   33    8    0    0    2    0   66  635]
 [   0    0  177   40    0    4   20    0  356 3577]
 [   0    0  112   25    0    1    8    0  203 2122]
 [   0    0   17    6    0    0    1    0   30  236]
 [   0    0   72   20    0    0   10    0  127 1473]
 [   0    0  132   33    0    2   10    0  221 2297]
 [   0    0   22    5    0    0    0    0   40  430]
 [   0    0  173   38    0    5   31    0  359 3900]
 [   0    0  359   71    0   12   39    0  627 7091]]
val_loss: 1.9725 || val_acc: 0.31907 || val_f1: 0.04838 || val_precision: 0.03191 || val_recall: 0.1
[[   0    0    0    0    0    0    0    0    0  315]
 [   0    0    0    0    0    0    0    0    0  326]
 [   0    0    0    0    0    0    0    0    0 1750]
 [   0    0    0    0    0    0    0    0    0 1019]
 [   0    0    0    0    0    0    0    0    0  136]
 [   0    0    0    0    0    0    0    0    0  660]
 [   0    0    0    0    0    0    0    0    0 1171]
 [   0    0    0    0    0    0    0    0    0  215]
 [   0    0    0    0    0    0    0    0    0 1984]
 [   0    0    0    0    0    0    0    0    0 3550]]
BEST VAL Acc :   0.3191
checkpoint_name:AcT 3epoch lr:0.05
train_loss: 1.97704 || train_acc: 0.29913 || train_f1: 0.06298 || train_precision: 0.09597 || train_recall: 0.09975
[[   0    0   27    1    0    0    3    0   41  609]
 [   0    0   22    4    0    1    3    0   38  676]
 [   0    0  183    4    0    4   42    0  200 3741]
 [   0    0  111    2    0    2   21    0  148 2187]
 [   0    0   20    0    0    0    1    0   16  253]
 [   0    0   72    0    0    4    7    0   94 1525]
 [   0    0  135    1    0    3   21    0  147 2388]
 [   0    0   23    0    0    1    4    0   37  432]
 [   0    0  180   10    0    4   34    0  213 4065]
 [   0    0  371   13    0    6   59    0  408 7342]]
val_loss: 1.94444 || val_acc: 0.31907 || val_f1: 0.04838 || val_precision: 0.03191 || val_recall: 0.1
[[   0    0    0    0    0    0    0    0    0  315]
 [   0    0    0    0    0    0    0    0    0  326]
 [   0    0    0    0    0    0    0    0    0 1750]
 [   0    0    0    0    0    0    0    0    0 1019]
 [   0    0    0    0    0    0    0    0    0  136]
 [   0    0    0    0    0    0    0    0    0  660]
 [   0    0    0    0    0    0    0    0    0 1171]
 [   0    0    0    0    0    0    0    0    0  215]
 [   0    0    0    0    0    0    0    0    0 1984]
 [   0    0    0    0    0    0    0    0    0 3550]]
BEST VAL Acc :   0.3191
checkpoint_name:AcT 4epoch lr:0.05
train_loss: 1.97187 || train_acc: 0.29974 || train_f1: 0.06119 || train_precision: 0.07212 || train_recall: 0.09934
[[   0    0   18    2    0    0    0    0   40  621]
 [   0    0   23    3    0    0    0    0   52  666]
 [   0    0  119   11    0    0    6    0  268 3770]
 [   0    0   70    1    0    0    5    0  148 2247]
 [   0    0    8    1    0    0    0    0   26  255]
 [   0    0   70    2    0    0    1    0  100 1529]
 [   0    0   77    3    0    0    2    0  174 2439]
 [   0    0   14    0    0    0    2    0   35  446]
 [   0    0  125   13    0    0    6    0  296 4066]
 [   1    0  257   14    0    3   12    0  549 7363]]
val_loss: 1.94703 || val_acc: 0.31907 || val_f1: 0.04838 || val_precision: 0.03191 || val_recall: 0.1
[[   0    0    0    0    0    0    0    0    0  315]
 [   0    0    0    0    0    0    0    0    0  326]
 [   0    0    0    0    0    0    0    0    0 1750]
 [   0    0    0    0    0    0    0    0    0 1019]
 [   0    0    0    0    0    0    0    0    0  136]
 [   0    0    0    0    0    0    0    0    0  660]
 [   0    0    0    0    0    0    0    0    0 1171]
 [   0    0    0    0    0    0    0    0    0  215]
 [   0    0    0    0    0    0    0    0    0 1984]
 [   0    0    0    0    0    0    0    0    0 3550]]
BEST VAL Acc :   0.3191
checkpoint_name:AcT 5epoch lr:0.05
train_loss: 1.98318 || train_acc: 0.29508 || train_f1: 0.06413 || train_precision: 0.08112 || train_recall: 0.09913
[[   0    0   20    1    0    0    1    0   46  613]
 [   0    0   20    2    0    0    6    0   54  662]
 [   0    0  154    1    0    1   33    0  289 3696]
 [   0    0   97    3    0    0   24    0  187 2160]
 [   0    0    9    0    0    0    5    0   15  261]
 [   0    0   79    6    0    0   11    0  122 1484]
 [   0    0   95    4    0    2   29    0  177 2388]
 [   0    0   24    0    0    0    3    0   34  436]
 [   0    0  176   16    0    3   41    0  309 3961]
 [   0    0  356   23    0   10   85    0  560 7165]]
val_loss: 1.95199 || val_acc: 0.31907 || val_f1: 0.04838 || val_precision: 0.03191 || val_recall: 0.1
[[   0    0    0    0    0    0    0    0    0  315]
 [   0    0    0    0    0    0    0    0    0  326]
 [   0    0    0    0    0    0    0    0    0 1750]
 [   0    0    0    0    0    0    0    0    0 1019]
 [   0    0    0    0    0    0    0    0    0  136]
 [   0    0    0    0    0    0    0    0    0  660]
 [   0    0    0    0    0    0    0    0    0 1171]
 [   0    0    0    0    0    0    0    0    0  215]
 [   0    0    0    0    0    0    0    0    0 1984]
 [   0    0    0    0    0    0    0    0    0 3550]]
BEST VAL Acc :   0.3191
checkpoint_name:AcT 6epoch lr:0.05
train_loss: 1.9793 || train_acc: 0.29735 || train_f1: 0.06261 || train_precision: 0.08272 || train_recall: 0.09913
[[   0    0   26    6    0    0    3    0   36  610]
 [   0    0   34    4    0    0    3    0   44  659]
 [   0    0  182   20    0    0   36    0  233 3703]
 [   0    0  107   12    0    0   16    0  156 2180]
 [   0    0    7    2    0    0    2    0   15  264]
 [   0    0   68    9    0    0   10    0   97 1518]
 [   0    0  127   17    1    0   21    0  142 2387]
 [   0    0   32    0    0    0    9    0   32  424]
 [   0    0  225   28    0    0   32    0  198 4023]
 [   0    0  415   22    1    0   49    0  406 7306]]
val_loss: 1.93471 || val_acc: 0.31907 || val_f1: 0.04838 || val_precision: 0.03191 || val_recall: 0.1
[[   0    0    0    0    0    0    0    0    0  315]
 [   0    0    0    0    0    0    0    0    0  326]
 [   0    0    0    0    0    0    0    0    0 1750]
 [   0    0    0    0    0    0    0    0    0 1019]
 [   0    0    0    0    0    0    0    0    0  136]
 [   0    0    0    0    0    0    0    0    0  660]
 [   0    0    0    0    0    0    0    0    0 1171]
 [   0    0    0    0    0    0    0    0    0  215]
 [   0    0    0    0    0    0    0    0    0 1984]
 [   0    0    0    0    0    0    0    0    0 3550]]
BEST VAL Acc :   0.3191
checkpoint_name:AcT 7epoch lr:0.05
train_loss: 1.97983 || train_acc: 0.29897 || train_f1: 0.06425 || train_precision: 0.09246 || train_recall: 0.10019
[[   0    0   36    1    0    1    4    0   35  604]
 [   0    0   48    2    0    1    2    0   39  652]
 [   0    0  234    5    0    3   24    0  222 3686]
 [   0    0  132    7    0    2   15    0  146 2169]
 [   0    0   11    0    0    1    2    0   14  262]
 [   0    0   84    6    0    1   16    0   86 1509]
 [   0    0  133   11    0    8   16    0  139 2388]
 [   0    0   24    1    0    2    2    0   27  441]
 [   0    0  238    4    0    6   22    0  214 4022]
 [   0    0  449   13    0    9   46    0  393 7289]]
val_loss: 1.98249 || val_acc: 0.31907 || val_f1: 0.04838 || val_precision: 0.03191 || val_recall: 0.1
[[   0    0    0    0    0    0    0    0    0  315]
 [   0    0    0    0    0    0    0    0    0  326]
 [   0    0    0    0    0    0    0    0    0 1750]
 [   0    0    0    0    0    0    0    0    0 1019]
 [   0    0    0    0    0    0    0    0    0  136]
 [   0    0    0    0    0    0    0    0    0  660]
 [   0    0    0    0    0    0    0    0    0 1171]
 [   0    0    0    0    0    0    0    0    0  215]
 [   0    0    0    0    0    0    0    0    0 1984]
 [   0    0    0    0    0    0    0    0    0 3550]]
BEST VAL Acc :   0.3191
checkpoint_name:AcT 8epoch lr:0.05
train_loss: 1.98418 || train_acc: 0.29277 || train_f1: 0.06327 || train_precision: 0.07797 || train_recall: 0.09822
[[   0    0   28    0    0    0    1    0   54  598]
 [   0    0   28    2    0    0    2    0   44  668]
 [   0    0  187    8    0    0   24    0  291 3664]
 [   0    0  117    7    0    0    8    0  178 2161]
 [   0    0   11    1    0    0    1    0   19  258]
 [   0    0   93    5    0    0    4    0  115 1485]
 [   0    0  151    7    0    0    7    0  186 2344]
 [   0    0   17    1    0    0    1    0   41  437]
 [   0    0  210   22    0    0   16    0  296 3962]
 [   0    0  406   29    0    0   34    0  627 7103]]
val_loss: 1.95157 || val_acc: 0.31907 || val_f1: 0.04838 || val_precision: 0.03191 || val_recall: 0.1
[[   0    0    0    0    0    0    0    0    0  315]
 [   0    0    0    0    0    0    0    0    0  326]
 [   0    0    0    0    0    0    0    0    0 1750]
 [   0    0    0    0    0    0    0    0    0 1019]
 [   0    0    0    0    0    0    0    0    0  136]
 [   0    0    0    0    0    0    0    0    0  660]
 [   0    0    0    0    0    0    0    0    0 1171]
 [   0    0    0    0    0    0    0    0    0  215]
 [   0    0    0    0    0    0    0    0    0 1984]
 [   0    0    0    0    0    0    0    0    0 3550]]
BEST VAL Acc :   0.3191
checkpoint_name:AcT 9epoch lr:0.05
train_loss: 1.9746 || train_acc: 0.29473 || train_f1: 0.06251 || train_precision: 0.07589 || train_recall: 0.09842
[[   0    0   21    8    0    0    2    1   53  596]
 [   0    0   35    3    0    0    4    0   33  669]
 [   0    0  140   34    0    0   24    1  258 3717]
 [   0    0  112   19    0    0   10    0  156 2174]
 [   0    0   11    6    0    0    1    0   14  258]
 [   0    0   75   16    0    0    9    0   93 1509]
 [   0    0  106   31    0    0    6    0  164 2388]
 [   0    0   15    7    0    0    1    0   28  446]
 [   0    0  180   33    0    0   20    1  277 3995]
 [   0    0  318   67    0    0   35    0  570 7209]]
val_loss: 1.95521 || val_acc: 0.31907 || val_f1: 0.04838 || val_precision: 0.03191 || val_recall: 0.1
[[   0    0    0    0    0    0    0    0    0  315]
 [   0    0    0    0    0    0    0    0    0  326]
 [   0    0    0    0    0    0    0    0    0 1750]
 [   0    0    0    0    0    0    0    0    0 1019]
 [   0    0    0    0    0    0    0    0    0  136]
 [   0    0    0    0    0    0    0    0    0  660]
 [   0    0    0    0    0    0    0    0    0 1171]
 [   0    0    0    0    0    0    0    0    0  215]
 [   0    0    0    0    0    0    0    0    0 1984]
 [   0    0    0    0    0    0    0    0    0 3550]]
BEST VAL Acc :   0.3191
checkpoint_name:AcT 10epoch lr:0.05
train_loss: 1.97305 || train_acc: 0.29924 || train_f1: 0.06418 || train_precision: 0.08664 || train_recall: 0.10027
[[   0    0   20    0    0    0    3    0   58  600]
 [   0    0   41    3    0    0    1    0   57  642]
 [   0    0  164   16    0    0   10    0  318 3666]
 [   0    0  106   13    0    0    3    0  180 2169]
 [   0    0   10    1    0    0    2    0   21  256]
 [   0    0   58    5    0    0    3    0  120 1516]
 [   0    0  102   10    0    1    4    0  211 2367]
 [   0    0   14    1    0    0    1    0   37  444]
 [   0    0  192   20    0    0    7    0  313 3974]
 [   0    0  298   31    0    1   10    0  585 7274]]
val_loss: 1.98684 || val_acc: 0.17832 || val_f1: 0.03027 || val_precision: 0.01783 || val_recall: 0.1
[[   0    0    0    0    0    0    0    0  315    0]
 [   0    0    0    0    0    0    0    0  326    0]
 [   0    0    0    0    0    0    0    0 1750    0]
 [   0    0    0    0    0    0    0    0 1019    0]
 [   0    0    0    0    0    0    0    0  136    0]
 [   0    0    0    0    0    0    0    0  660    0]
 [   0    0    0    0    0    0    0    0 1171    0]
 [   0    0    0    0    0    0    0    0  215    0]
 [   0    0    0    0    0    0    0    0 1984    0]
 [   0    0    0    0    0    0    0    0 3550    0]]
BEST VAL Acc :   0.3191
checkpoint_name:AcT 11epoch lr:0.05
train_loss: 1.97669 || train_acc: 0.29647 || train_f1: 0.0656 || train_precision: 0.08466 || train_recall: 0.10003
[[   0    0   24    1    0    1    3    0   54  598]
 [   0    0   35    7    0    0    2    0   54  646]
 [   0    0  189    3    0    7   25    0  286 3664]
 [   0    0  102    2    0    3   16    0  179 2169]
 [   0    0    7    0    0    0    5    0   20  258]
 [   0    0   71    9    0    1    8    0  123 1490]
 [   0    0  119   10    0    3   24    0  198 2341]
 [   0    0   24    2    0    3    3    0   25  440]
 [   0    0  207   18    0    7   35    0  324 3915]
 [   0    0  352   25    0    7   60    0  599 7156]]
val_loss: 1.93164 || val_acc: 0.31907 || val_f1: 0.04838 || val_precision: 0.03191 || val_recall: 0.1
[[   0    0    0    0    0    0    0    0    0  315]
 [   0    0    0    0    0    0    0    0    0  326]
 [   0    0    0    0    0    0    0    0    0 1750]
 [   0    0    0    0    0    0    0    0    0 1019]
 [   0    0    0    0    0    0    0    0    0  136]
 [   0    0    0    0    0    0    0    0    0  660]
 [   0    0    0    0    0    0    0    0    0 1171]
 [   0    0    0    0    0    0    0    0    0  215]
 [   0    0    0    0    0    0    0    0    0 1984]
 [   0    0    0    0    0    0    0    0    0 3550]]
BEST VAL Acc :   0.3191
checkpoint_name:AcT 12epoch lr:0.05
train_loss: 1.98168 || train_acc: 0.29658 || train_f1: 0.06598 || train_precision: 0.08101 || train_recall: 0.10026
[[   0    0   36    1    0    0    7    0   38  599]
 [   0    0   42    2    0    0    4    0   57  639]
 [   0    0  223    7    0    0   23    0  315 3606]
 [   0    0  137    2    0    1   14    1  201 2115]
 [   0    0   16    0    0    0    2    0   28  244]
 [   0    0   83    1    0    0    4    0  116 1498]
 [   0    0  157    2    0    0   11    0  182 2343]
 [   0    0   30    0    0    1    1    0   44  421]
 [   0    0  242    3    0    0   13    1  341 3906]
 [   0    0  455   15    0    2   36    0  569 7122]]
val_loss: 1.95487 || val_acc: 0.31907 || val_f1: 0.04838 || val_precision: 0.03191 || val_recall: 0.1
[[   0    0    0    0    0    0    0    0    0  315]
 [   0    0    0    0    0    0    0    0    0  326]
 [   0    0    0    0    0    0    0    0    0 1750]
 [   0    0    0    0    0    0    0    0    0 1019]
 [   0    0    0    0    0    0    0    0    0  136]
 [   0    0    0    0    0    0    0    0    0  660]
 [   0    0    0    0    0    0    0    0    0 1171]
 [   0    0    0    0    0    0    0    0    0  215]
 [   0    0    0    0    0    0    0    0    0 1984]
 [   0    0    0    0    0    0    0    0    0 3550]]
BEST VAL Acc :   0.3191
checkpoint_name:AcT 13epoch lr:0.05
train_loss: 1.97672 || train_acc: 0.3014 || train_f1: 0.06346 || train_precision: 0.08966 || train_recall: 0.10051
[[   0    0   25    6    0    0    4    0   38  608]
 [   0    0   23    5    0    0    1    0   40  675]
 [   0    0  141   33    0    1   19    0  275 3705]
 [   0    0   85   16    0    2   12    0  170 2186]
 [   0    0    7    1    0    1    2    0   18  261]
 [   0    0   46    7    0    1    4    0  105 1539]
 [   0    0   86   22    0    2    8    0  152 2425]
 [   0    0   13    4    0    0    1    0   33  446]
 [   0    0  130   36    0    2   18    0  273 4047]
 [   0    0  275   45    0    7   30    0  457 7385]]
val_loss: 1.97869 || val_acc: 0.31907 || val_f1: 0.04838 || val_precision: 0.03191 || val_recall: 0.1
[[   0    0    0    0    0    0    0    0    0  315]
 [   0    0    0    0    0    0    0    0    0  326]
 [   0    0    0    0    0    0    0    0    0 1750]
 [   0    0    0    0    0    0    0    0    0 1019]
 [   0    0    0    0    0    0    0    0    0  136]
 [   0    0    0    0    0    0    0    0    0  660]
 [   0    0    0    0    0    0    0    0    0 1171]
 [   0    0    0    0    0    0    0    0    0  215]
 [   0    0    0    0    0    0    0    0    0 1984]
 [   0    0    0    0    0    0    0    0    0 3550]]
BEST VAL Acc :   0.3191
checkpoint_name:AcT 14epoch lr:0.05
train_loss: 1.97826 || train_acc: 0.30047 || train_f1: 0.06681 || train_precision: 0.09072 || train_recall: 0.10149
[[   0    0   38    3    0    0    2    0   33  605]
 [   0    0   38   12    0    0    3    0   49  642]
 [   0    0  235   30    0    0   13    0  251 3645]
 [   0    0   94   22    0    0   13    0  154 2188]
 [   0    0   23    2    0    0    2    0   12  251]
 [   0    0   82   14    0    0    7    0   90 1509]
 [   0    0  114   25    0    0   14    0  137 2405]
 [   0    0   32    6    0    0    4    0   25  430]
 [   0    0  217   40    0    0   17    0  262 3970]
 [   0    0  356   85    0    1   34    0  456 7267]]
val_loss: 1.94942 || val_acc: 0.31907 || val_f1: 0.04838 || val_precision: 0.03191 || val_recall: 0.1
[[   0    0    0    0    0    0    0    0    0  315]
 [   0    0    0    0    0    0    0    0    0  326]
 [   0    0    0    0    0    0    0    0    0 1750]
 [   0    0    0    0    0    0    0    0    0 1019]
 [   0    0    0    0    0    0    0    0    0  136]
 [   0    0    0    0    0    0    0    0    0  660]
 [   0    0    0    0    0    0    0    0    0 1171]
 [   0    0    0    0    0    0    0    0    0  215]
 [   0    0    0    0    0    0    0    0    0 1984]
 [   0    0    0    0    0    0    0    0    0 3550]]
BEST VAL Acc :   0.3191
checkpoint_name:AcT 15epoch lr:0.05
train_loss: 1.97464 || train_acc: 0.29508 || train_f1: 0.06319 || train_precision: 0.07891 || train_recall: 0.09879
[[   0    0   25    2    0    0   10    0   38  606]
 [   0    0   39    2    0    0    3    0   48  652]
 [   0    0  230   12    0    0   24    0  239 3669]
 [   0    0  141    4    0    0   11    0  143 2172]
 [   0    0   14    0    0    0    2    0   22  252]
 [   0    0   79    2    0    0    7    0   93 1521]
 [   0    0  161    5    0    0   12    0  167 2350]
 [   0    0   30    0    0    0    5    0   24  438]
 [   0    0  286   10    0    0   28    0  225 3957]
 [   0    0  472   13    0    0   36    0  489 7189]]
val_loss: 1.94057 || val_acc: 0.31907 || val_f1: 0.04838 || val_precision: 0.03191 || val_recall: 0.1
[[   0    0    0    0    0    0    0    0    0  315]
 [   0    0    0    0    0    0    0    0    0  326]
 [   0    0    0    0    0    0    0    0    0 1750]
 [   0    0    0    0    0    0    0    0    0 1019]
 [   0    0    0    0    0    0    0    0    0  136]
 [   0    0    0    0    0    0    0    0    0  660]
 [   0    0    0    0    0    0    0    0    0 1171]
 [   0    0    0    0    0    0    0    0    0  215]
 [   0    0    0    0    0    0    0    0    0 1984]
 [   0    0    0    0    0    0    0    0    0 3550]]
BEST VAL Acc :   0.3191
checkpoint_name:AcT 16epoch lr:0.05
train_loss: 1.97191 || train_acc: 0.29801 || train_f1: 0.06187 || train_precision: 0.08014 || train_recall: 0.09906
[[   0    0    9    0    0    2    5    0   49  616]
 [   0    0   27    0    0    1    4    0   47  665]
 [   0    0  135    6    0    6   26    0  258 3743]
 [   0    0   90    1    0    4   16    0  148 2212]
 [   0    0    8    0    0    0    2    0   20  260]
 [   0    0   66    1    0    1   13    0   93 1528]
 [   0    0  102    0    0    0   14    0  156 2423]
 [   0    0   17    3    0    0    4    0   38  435]
 [   0    0  154    1    0    9   26    0  270 4046]
 [   0    0  292    8    0   10   49    0  525 7315]]
val_loss: 1.99507 || val_acc: 0.31907 || val_f1: 0.04838 || val_precision: 0.03191 || val_recall: 0.1
[[   0    0    0    0    0    0    0    0    0  315]
 [   0    0    0    0    0    0    0    0    0  326]
 [   0    0    0    0    0    0    0    0    0 1750]
 [   0    0    0    0    0    0    0    0    0 1019]
 [   0    0    0    0    0    0    0    0    0  136]
 [   0    0    0    0    0    0    0    0    0  660]
 [   0    0    0    0    0    0    0    0    0 1171]
 [   0    0    0    0    0    0    0    0    0  215]
 [   0    0    0    0    0    0    0    0    0 1984]
 [   0    0    0    0    0    0    0    0    0 3550]]
BEST VAL Acc :   0.3191
checkpoint_name:AcT 17epoch lr:0.05
train_loss: 1.97924 || train_acc: 0.29824 || train_f1: 0.06878 || train_precision: 0.09703 || train_recall: 0.10176
[[   0    0   38    9    0    1    4    0   60  569]
 [   0    0   45    6    0    0    3    0   46  644]
 [   0    0  251   16    0    1   11    0  316 3579]
 [   0    0  129   13    0    5   10    0  185 2129]
 [   0    0   10    2    0    0    3    0   27  248]
 [   0    0   98    8    0    4    8    0  132 1452]
 [   0    0  160   12    0    4    6    0  192 2321]
 [   0    0   29    0    0    0    2    0   25  441]
 [   0    0  233   24    0    7   18    0  368 3856]
 [   0    0  449   42    0   10   30    0  568 7100]]
val_loss: 1.96308 || val_acc: 0.31907 || val_f1: 0.04838 || val_precision: 0.03191 || val_recall: 0.1
[[   0    0    0    0    0    0    0    0    0  315]
 [   0    0    0    0    0    0    0    0    0  326]
 [   0    0    0    0    0    0    0    0    0 1750]
 [   0    0    0    0    0    0    0    0    0 1019]
 [   0    0    0    0    0    0    0    0    0  136]
 [   0    0    0    0    0    0    0    0    0  660]
 [   0    0    0    0    0    0    0    0    0 1171]
 [   0    0    0    0    0    0    0    0    0  215]
 [   0    0    0    0    0    0    0    0    0 1984]
 [   0    0    0    0    0    0    0    0    0 3550]]
BEST VAL Acc :   0.3191
checkpoint_name:AcT 18epoch lr:0.05
train_loss: 1.97737 || train_acc: 0.29924 || train_f1: 0.06233 || train_precision: 0.07799 || train_recall: 0.09954
[[   0    0   23    2    0    0    7    0   45  604]
 [   0    0   31    2    0    0    5    0   48  658]
 [   0    0  142   17    0    3   16    0  256 3740]
 [   0    0   87    4    0    0    8    0  160 2212]
 [   0    0   10    1    0    0    2    0   17  260]
 [   0    0   72    4    0    0    4    0  104 1518]
 [   0    0   97    9    0    2    9    0  161 2417]
 [   0    0   15    0    0    1    1    0   25  455]
 [   0    0  178   18    0    4   16    0  279 4011]
 [   0    0  289   26    0    6   30    0  514 7334]]
val_loss: 1.97771 || val_acc: 0.31907 || val_f1: 0.04838 || val_precision: 0.03191 || val_recall: 0.1
[[   0    0    0    0    0    0    0    0    0  315]
 [   0    0    0    0    0    0    0    0    0  326]
 [   0    0    0    0    0    0    0    0    0 1750]
 [   0    0    0    0    0    0    0    0    0 1019]
 [   0    0    0    0    0    0    0    0    0  136]
 [   0    0    0    0    0    0    0    0    0  660]
 [   0    0    0    0    0    0    0    0    0 1171]
 [   0    0    0    0    0    0    0    0    0  215]
 [   0    0    0    0    0    0    0    0    0 1984]
 [   0    0    0    0    0    0    0    0    0 3550]]
BEST VAL Acc :   0.3191
checkpoint_name:AcT 19epoch lr:0.05
train_loss: 1.9818 || train_acc: 0.29593 || train_f1: 0.06615 || train_precision: 0.10601 || train_recall: 0.10021
[[   0    1   25    0    0    0    8    0   52  595]
 [   0    1   31    0    0    0    6    0   72  634]
 [   0    0  176    1    0    7   26    0  346 3618]
 [   0    0   93    0    0    6   14    0  196 2162]
 [   0    0   15    0    0    0    1    0   16  258]
 [   0    0   81    0    0    1    8    0  156 1456]
 [   0    0  116    1    0    6   24    0  217 2331]
 [   0    1   20    0    0    0    4    0   30  442]
 [   0    0  171    1    0   11   32    0  368 3923]
 [   0    1  325    5    0   15   57    0  684 7112]]
val_loss: 1.93362 || val_acc: 0.31907 || val_f1: 0.04838 || val_precision: 0.03191 || val_recall: 0.1
[[   0    0    0    0    0    0    0    0    0  315]
 [   0    0    0    0    0    0    0    0    0  326]
 [   0    0    0    0    0    0    0    0    0 1750]
 [   0    0    0    0    0    0    0    0    0 1019]
 [   0    0    0    0    0    0    0    0    0  136]
 [   0    0    0    0    0    0    0    0    0  660]
 [   0    0    0    0    0    0    0    0    0 1171]
 [   0    0    0    0    0    0    0    0    0  215]
 [   0    0    0    0    0    0    0    0    0 1984]
 [   0    0    0    0    0    0    0    0    0 3550]]
BEST VAL Acc :   0.3191
checkpoint_name:AcT 20epoch lr:0.05
train_loss: 1.97366 || train_acc: 0.30198 || train_f1: 0.06147 || train_precision: 0.11252 || train_recall: 0.09996
[[   0    0   31    2    0    1    2    0   34  611]
 [   0    0   24    4    0    0    1    0   43  672]
 [   0    0  157   11    0    0   11    0  227 3768]
 [   0    0   81    7    0    0    6    0  123 2254]
 [   0    0   12    0    0    0    0    0   11  267]
 [   0    0   62    5    0    1    7    0   91 1536]
 [   0    0   93   14    0    0    4    0  147 2437]
 [   0    0   21    0    0    0    3    0   18  455]
 [   0    0  149   18    0    0   12    0  216 4111]
 [   0    1  269   27    0    1   21    0  426 7454]]
val_loss: 1.99329 || val_acc: 0.31907 || val_f1: 0.04838 || val_precision: 0.03191 || val_recall: 0.1
[[   0    0    0    0    0    0    0    0    0  315]
 [   0    0    0    0    0    0    0    0    0  326]
 [   0    0    0    0    0    0    0    0    0 1750]
 [   0    0    0    0    0    0    0    0    0 1019]
 [   0    0    0    0    0    0    0    0    0  136]
 [   0    0    0    0    0    0    0    0    0  660]
 [   0    0    0    0    0    0    0    0    0 1171]
 [   0    0    0    0    0    0    0    0    0  215]
 [   0    0    0    0    0    0    0    0    0 1984]
 [   0    0    0    0    0    0    0    0    0 3550]]
BEST VAL Acc :   0.3191
checkpoint_name:AcT 21epoch lr:0.05
train_loss: 1.97687 || train_acc: 0.29897 || train_f1: 0.06141 || train_precision: 0.06955 || train_recall: 0.09915
[[   0    0   37    0    0    0    1    0   34  609]
 [   0    0   25    0    0    1    2    0   43  673]
 [   0    0  153    1    0    3   14    0  249 3754]
 [   0    0  104    0    0    1    7    0  150 2209]
 [   0    0   15    0    0    0    0    0   14  261]
 [   0    0   66    0    0    0    7    0  106 1523]
 [   0    0  105    1    0    5    6    0  160 2418]
 [   0    0   23    0    0    1    2    0   20  451]
 [   0    0  171    1    0    5   20    0  254 4055]
 [   0    0  353    1    0    1   34    0  462 7348]]
val_loss: 2.02304 || val_acc: 0.31907 || val_f1: 0.04838 || val_precision: 0.03191 || val_recall: 0.1
[[   0    0    0    0    0    0    0    0    0  315]
 [   0    0    0    0    0    0    0    0    0  326]
 [   0    0    0    0    0    0    0    0    0 1750]
 [   0    0    0    0    0    0    0    0    0 1019]
 [   0    0    0    0    0    0    0    0    0  136]
 [   0    0    0    0    0    0    0    0    0  660]
 [   0    0    0    0    0    0    0    0    0 1171]
 [   0    0    0    0    0    0    0    0    0  215]
 [   0    0    0    0    0    0    0    0    0 1984]
 [   0    0    0    0    0    0    0    0    0 3550]]
BEST VAL Acc :   0.3191
checkpoint_name:AcT 22epoch lr:0.05
train_loss: 1.98941 || train_acc: 0.29258 || train_f1: 0.06669 || train_precision: 0.08357 || train_recall: 0.09941
[[   0    0   35    8    0    0    7    0   48  583]
 [   0    0   38    5    0    0    7    0   47  647]
 [   0    0  218   28    0    0   43    0  289 3596]
 [   0    0  120   20    0    0   20    0  160 2151]
 [   0    0   15    2    0    0    1    0   19  253]
 [   0    0  105   13    0    0   19    0  136 1429]
 [   0    0  144   28    0    0   24    0  203 2296]
 [   0    0   31    3    0    0    3    0   33  427]
 [   0    0  239   53    0    0   33    0  305 3876]
 [   0    0  420   62    0    0   68    0  621 7028]]
val_loss: 1.93953 || val_acc: 0.31907 || val_f1: 0.04838 || val_precision: 0.03191 || val_recall: 0.1
[[   0    0    0    0    0    0    0    0    0  315]
 [   0    0    0    0    0    0    0    0    0  326]
 [   0    0    0    0    0    0    0    0    0 1750]
 [   0    0    0    0    0    0    0    0    0 1019]
 [   0    0    0    0    0    0    0    0    0  136]
 [   0    0    0    0    0    0    0    0    0  660]
 [   0    0    0    0    0    0    0    0    0 1171]
 [   0    0    0    0    0    0    0    0    0  215]
 [   0    0    0    0    0    0    0    0    0 1984]
 [   0    0    0    0    0    0    0    0    0 3550]]
BEST VAL Acc :   0.3191
checkpoint_name:AcT 23epoch lr:0.05
train_loss: 1.96937 || train_acc: 0.30217 || train_f1: 0.0604 || train_precision: 0.08667 || train_recall: 0.09966
[[   0    0   20    1    0    0    4    0   41  615]
 [   0    0   25    4    0    0    4    0   46  665]
 [   0    0  122   13    0    0   15    0  195 3829]
 [   0    0   90    6    0    0   10    0  134 2231]
 [   0    0    9    0    0    0    3    0   23  255]
 [   0    0   52    5    0    0    4    0   74 1567]
 [   0    0   87    6    0    0   13    0  130 2459]
 [   0    0   22    2    0    0    3    0   22  448]
 [   0    0  113   10    0    0   13    0  206 4164]
 [   0    0  261   17    0    0   22    0  402 7497]]
val_loss: 1.92778 || val_acc: 0.31907 || val_f1: 0.04838 || val_precision: 0.03191 || val_recall: 0.1
[[   0    0    0    0    0    0    0    0    0  315]
 [   0    0    0    0    0    0    0    0    0  326]
 [   0    0    0    0    0    0    0    0    0 1750]
 [   0    0    0    0    0    0    0    0    0 1019]
 [   0    0    0    0    0    0    0    0    0  136]
 [   0    0    0    0    0    0    0    0    0  660]
 [   0    0    0    0    0    0    0    0    0 1171]
 [   0    0    0    0    0    0    0    0    0  215]
 [   0    0    0    0    0    0    0    0    0 1984]
 [   0    0    0    0    0    0    0    0    0 3550]]
BEST VAL Acc :   0.3191
checkpoint_name:AcT 24epoch lr:0.05
train_loss: 1.97499 || train_acc: 0.2962 || train_f1: 0.06497 || train_precision: 0.08644 || train_recall: 0.09969
[[   0    0   31    4    0    0    5    0   39  602]
 [   0    0   36    4    0    0    9    0   49  646]
 [   0    0  174   34    0    0   35    0  271 3660]
 [   0    0  100   24    0    0   20    0  172 2155]
 [   0    0   17    4    0    0    4    0   21  244]
 [   0    0   88   11    0    0    9    0  112 1482]
 [   0    0  109   19    0    0   24    0  163 2380]
 [   0    0   27    1    0    0    7    0   44  418]
 [   0    0  197   39    0    0   38    0  259 3973]
 [   0    0  347   56    0    0   58    0  530 7208]]
val_loss: 1.99608 || val_acc: 0.31907 || val_f1: 0.04838 || val_precision: 0.03191 || val_recall: 0.1
[[   0    0    0    0    0    0    0    0    0  315]
 [   0    0    0    0    0    0    0    0    0  326]
 [   0    0    0    0    0    0    0    0    0 1750]
 [   0    0    0    0    0    0    0    0    0 1019]
 [   0    0    0    0    0    0    0    0    0  136]
 [   0    0    0    0    0    0    0    0    0  660]
 [   0    0    0    0    0    0    0    0    0 1171]
 [   0    0    0    0    0    0    0    0    0  215]
 [   0    0    0    0    0    0    0    0    0 1984]
 [   0    0    0    0    0    0    0    0    0 3550]]
BEST VAL Acc :   0.3191
checkpoint_name:AcT 25epoch lr:0.05
train_loss: 1.97125 || train_acc: 0.30024 || train_f1: 0.06417 || train_precision: 0.09918 || train_recall: 0.10048
[[   0    0   14    5    0    2    9    0   38  613]
 [   0    0   29    3    0    0   12    0   42  658]
 [   0    0  137   19    0    5   32    0  205 3776]
 [   0    0   93    9    0    4   20    0  140 2205]
 [   0    0   18    2    0    1    4    0   19  246]
 [   0    0   58   11    0    4   18    0   90 1521]
 [   0    0   91    8    0    4   28    0  169 2395]
 [   0    0   18    3    0    0    5    0   32  439]
 [   0    0  143   13    0    2   36    0  267 4045]
 [   0    0  271   25    0   10   67    0  477 7349]]
val_loss: 1.97391 || val_acc: 0.31907 || val_f1: 0.04838 || val_precision: 0.03191 || val_recall: 0.1
[[   0    0    0    0    0    0    0    0    0  315]
 [   0    0    0    0    0    0    0    0    0  326]
 [   0    0    0    0    0    0    0    0    0 1750]
 [   0    0    0    0    0    0    0    0    0 1019]
 [   0    0    0    0    0    0    0    0    0  136]
 [   0    0    0    0    0    0    0    0    0  660]
 [   0    0    0    0    0    0    0    0    0 1171]
 [   0    0    0    0    0    0    0    0    0  215]
 [   0    0    0    0    0    0    0    0    0 1984]
 [   0    0    0    0    0    0    0    0    0 3550]]
BEST VAL Acc :   0.3191
checkpoint_name:AcT 26epoch lr:0.05
train_loss: 1.97727 || train_acc: 0.29809 || train_f1: 0.06839 || train_precision: 0.09135 || train_recall: 0.10164
[[   0    0   25    5    0    0    0    0   49  602]
 [   0    0   37    6    0    0    0    0   59  642]
 [   0    0  195   31    0    0    7    0  332 3609]
 [   0    0  110   27    0    0    8    0  205 2121]
 [   0    0   11    1    0    0    0    0   22  256]
 [   0    0   79   13    0    0    1    0  144 1465]
 [   0    0  121   21    0    0    4    0  216 2333]
 [   0    0   20    2    0    0    1    0   31  443]
 [   0    0  216   28    0    0    7    0  411 3844]
 [   0    0  382   60    0    0   12    0  644 7101]]
val_loss: 1.99049 || val_acc: 0.31907 || val_f1: 0.04838 || val_precision: 0.03191 || val_recall: 0.1
[[   0    0    0    0    0    0    0    0    0  315]
 [   0    0    0    0    0    0    0    0    0  326]
 [   0    0    0    0    0    0    0    0    0 1750]
 [   0    0    0    0    0    0    0    0    0 1019]
 [   0    0    0    0    0    0    0    0    0  136]
 [   0    0    0    0    0    0    0    0    0  660]
 [   0    0    0    0    0    0    0    0    0 1171]
 [   0    0    0    0    0    0    0    0    0  215]
 [   0    0    0    0    0    0    0    0    0 1984]
 [   0    0    0    0    0    0    0    0    0 3550]]
BEST VAL Acc :   0.3191
checkpoint_name:AcT 27epoch lr:0.05
train_loss: 1.97805 || train_acc: 0.29708 || train_f1: 0.06424 || train_precision: 0.06739 || train_recall: 0.09969
[[   0    0   45    0    0    0    4    0   36  596]
 [   0    0   40    3    0    0    1    0   55  645]
 [   0    0  206   11    0    0   15    0  292 3650]
 [   0    0  125    1    0    0   11    0  160 2174]
 [   0    0   14    1    0    0    2    0   15  258]
 [   0    0   95    7    0    0    7    0  116 1477]
 [   0    0  132    7    0    0    1    0  190 2365]
 [   0    0   28    0    0    0    3    0   37  429]
 [   0    0  250   14    0    0   20    0  316 3906]
 [   0    0  429   30    0    0   21    0  531 7188]]
val_loss: 1.93729 || val_acc: 0.31907 || val_f1: 0.04838 || val_precision: 0.03191 || val_recall: 0.1
[[   0    0    0    0    0    0    0    0    0  315]
 [   0    0    0    0    0    0    0    0    0  326]
 [   0    0    0    0    0    0    0    0    0 1750]
 [   0    0    0    0    0    0    0    0    0 1019]
 [   0    0    0    0    0    0    0    0    0  136]
 [   0    0    0    0    0    0    0    0    0  660]
 [   0    0    0    0    0    0    0    0    0 1171]
 [   0    0    0    0    0    0    0    0    0  215]
 [   0    0    0    0    0    0    0    0    0 1984]
 [   0    0    0    0    0    0    0    0    0 3550]]
BEST VAL Acc :   0.3191
checkpoint_name:AcT 28epoch lr:0.05
train_loss: 1.97823 || train_acc: 0.29393 || train_f1: 0.06455 || train_precision: 0.08426 || train_recall: 0.099
[[   0    0   32    5    0    0    4    0   53  587]
 [   0    0   35    4    0    0    5    0   61  639]
 [   0    0  181   23    0    4   18    0  326 3622]
 [   0    0  133    9    0    1   10    0  194 2124]
 [   0    0   16    1    0    0    1    0   22  250]
 [   0    0   76    6    0    1    8    0  140 1471]
 [   0    0  124   16    0    4    9    0  203 2339]
 [   0    0   19    3    0    1    5    0   35  434]
 [   0    0  195   20    0    3   21    0  329 3938]
 [   0    0  394   28    0    3   39    0  634 7101]]
val_loss: 1.97695 || val_acc: 0.31907 || val_f1: 0.04838 || val_precision: 0.03191 || val_recall: 0.1
[[   0    0    0    0    0    0    0    0    0  315]
 [   0    0    0    0    0    0    0    0    0  326]
 [   0    0    0    0    0    0    0    0    0 1750]
 [   0    0    0    0    0    0    0    0    0 1019]
 [   0    0    0    0    0    0    0    0    0  136]
 [   0    0    0    0    0    0    0    0    0  660]
 [   0    0    0    0    0    0    0    0    0 1171]
 [   0    0    0    0    0    0    0    0    0  215]
 [   0    0    0    0    0    0    0    0    0 1984]
 [   0    0    0    0    0    0    0    0    0 3550]]
BEST VAL Acc :   0.3191
checkpoint_name:AcT 29epoch lr:0.05
train_loss: 1.97965 || train_acc: 0.29816 || train_f1: 0.0636 || train_precision: 0.08796 || train_recall: 0.09975
[[   0    0   41    1    0    0    7    0   22  610]
 [   0    0   34    1    0    0   10    0   26  673]
 [   0    0  229    5    0    5   44    0  184 3707]
 [   0    0  109    2    0    0   30    0  103 2227]
 [   0    0   16    1    0    0    6    0   17  250]
 [   0    0   68    2    0    1   21    0   75 1535]
 [   0    0  123    1    0    1   30    0  119 2421]
 [   0    0   23    1    0    0   14    0   23  436]
 [   0    0  215    6    0    2   42    0  181 4060]
 [   0    0  397   12    0    6  127    0  360 7297]]
val_loss: 1.95675 || val_acc: 0.31907 || val_f1: 0.04838 || val_precision: 0.03191 || val_recall: 0.1
[[   0    0    0    0    0    0    0    0    0  315]
 [   0    0    0    0    0    0    0    0    0  326]
 [   0    0    0    0    0    0    0    0    0 1750]
 [   0    0    0    0    0    0    0    0    0 1019]
 [   0    0    0    0    0    0    0    0    0  136]
 [   0    0    0    0    0    0    0    0    0  660]
 [   0    0    0    0    0    0    0    0    0 1171]
 [   0    0    0    0    0    0    0    0    0  215]
 [   0    0    0    0    0    0    0    0    0 1984]
 [   0    0    0    0    0    0    0    0    0 3550]]
BEST VAL Acc :   0.3191
checkpoint_name:AcT 30epoch lr:0.05
train_loss: 1.97336 || train_acc: 0.30217 || train_f1: 0.06301 || train_precision: 0.07315 || train_recall: 0.10062
[[   0    0   35    1    0    0    0    0   35  610]
 [   0    0   42    6    0    0    0    0   43  653]
 [   0    0  230   12    0    0    0    0  179 3753]
 [   0    0  130    4    0    0    0    0  119 2218]
 [   0    0   14    0    0    0    0    0   11  265]
 [   0    0   75    4    0    0    0    0   64 1559]
 [   0    0  119    5    0    0    0    0  139 2432]
 [   0    0   25    0    0    0    0    0   14  458]
 [   0    0  239   18    0    0    0    0  213 4036]
 [   0    0  409   14    0    0    0    0  379 7397]]
val_loss: 1.92462 || val_acc: 0.31907 || val_f1: 0.04838 || val_precision: 0.03191 || val_recall: 0.1
[[   0    0    0    0    0    0    0    0    0  315]
 [   0    0    0    0    0    0    0    0    0  326]
 [   0    0    0    0    0    0    0    0    0 1750]
 [   0    0    0    0    0    0    0    0    0 1019]
 [   0    0    0    0    0    0    0    0    0  136]
 [   0    0    0    0    0    0    0    0    0  660]
 [   0    0    0    0    0    0    0    0    0 1171]
 [   0    0    0    0    0    0    0    0    0  215]
 [   0    0    0    0    0    0    0    0    0 1984]
 [   0    0    0    0    0    0    0    0    0 3550]]
BEST VAL Acc :   0.3191
