=========================  Densenet  =========================
{'base_model': 'Densenet', 'pretrained': True, 'lr': 0.01, 'start_epoch': 1, 'num_epochs': 5, 'continue_epoch': False, 'num_classes': 25, 'batch_size': 4, 'annotation_path': '../dataset/annotation_dict.json', 'augmented_annotation_path': '../dataset/augmented_annotation_dict.json', 'model_path': './models/weights/Densenet/', 'history_path': './history/'}checkpoint_name:Densenet 1epoch lr:0.01
train_loss: 2.50285 || train_acc: 0.20143 || train_f1: 0.11356 || train_precision: 0.13811 || train_recall: 0.12316
[[  4   5   5   1   0   2   1   6   3  37]
 [  8   7   7   0   1   1   0   9  11  36]
 [  3   2   9   5   0   3   0   5   8  59]
 [  1   1   5   4   1   0   0   6   4  28]
 [  1   6   3   0   1   0   0   2   4  11]
 [  1   0   6   0   1   2   0   1   2  14]
 [  1   1   3   1   0   1   0   6   3  27]
 [  6   8   4   2   1   0   1   5   3  26]
 [  2  10   4   3   2   0   2  10   8  55]
 [  7   8  12   5   2   2   4   9  12 101]]
val_loss: 2.64997 || val_acc: 0.32 || val_f1: 0.14896 || val_precision: 0.20428 || val_recall: 0.19187
[[ 2  9  1  0  0  0  0  2  0 15]
 [ 0 15  3  0  0  0  0  0  0  9]
 [ 0  0 17  0  0  0  0  0  0 26]
 [ 0  0 11  0  0  0  0  0  0  8]
 [ 0  3  1  0  0  0  0  1  0  8]
 [ 0  0  5  0  0  0  0  0  0  9]
 [ 0  0  7  0  0  0  0  0  0 20]
 [ 1 11  2  0  0  0  0  2  0 10]
 [ 0  0  4  0  0  0  0  0  0 25]
 [ 0  0 13  0  0  0  0  0  0 60]]
BEST VAL Acc :   0.3200
checkpoint_name:Densenet 2epoch lr:0.01
train_loss: 1.96641 || train_acc: 0.27286 || train_f1: 0.15747 || train_precision: 0.21304 || train_recall: 0.17479
[[ 21  17   3   0   0   0   0   7   2  14]
 [ 15  22   2   0   0   0   0  21   2  18]
 [  1   2  13   0   0   0   0   1   8  69]
 [  0   1  10   2   0   0   0   0   6  31]
 [  5  10   1   0   0   0   0   4   0   8]
 [  0   2   4   0   0   0   0   0   4  17]
 [  3   0  11   1   0   0   0   0   1  27]
 [ 15  23   2   0   0   0   0   7   1   8]
 [  3   1  10   0   0   0   0   1  15  66]
 [  3   2  15   0   0   0   1   2  28 111]]
val_loss: 1.91077 || val_acc: 0.34 || val_f1: 0.15507 || val_precision: 0.17106 || val_recall: 0.21916
[[ 0 25  1  0  0  0  0  0  0  3]
 [ 0 22  1  0  0  0  0  0  0  4]
 [ 0  0 15  4  0  0  0  0  0 24]
 [ 0  0  8  3  0  0  0  0  0  8]
 [ 0  9  0  0  0  0  0  0  0  4]
 [ 0  0  3  0  0  0  0  0  0 11]
 [ 0  0  8  0  0  0  0  0  1 18]
 [ 0 21  1  0  0  0  0  0  0  4]
 [ 0  1  5  0  0  0  0  0  1 22]
 [ 0  0 11  0  0  0  0  0  1 61]]
BEST VAL Acc :   0.3400
checkpoint_name:Densenet 3epoch lr:0.01
train_loss: 1.81448 || train_acc: 0.32286 || train_f1: 0.20129 || train_precision: 0.21909 || train_recall: 0.2185
[[ 13  25   4   2   0   0   0  10   2   8]
 [ 17  41   1   1   0   0   0   4   2  14]
 [  1   1  18  15   0   0   0   0   2  57]
 [  0   1  12  11   0   0   0   0   2  24]
 [  3  15   1   0   0   0   0   4   2   3]
 [  0   0   7   2   0   0   0   0   3  15]
 [  0   0  12   3   0   0   0   0   0  28]
 [  6  26   1   1   0   0   1  11   0  10]
 [  1   0   8   0   0   0   0   0  11  76]
 [  0   4  18   5   1   0   0   0  13 121]]
val_loss: 2.73688 || val_acc: 0.27667 || val_f1: 0.18905 || val_precision: 0.16526 || val_recall: 0.24606
[[18  8  2  0  0  0  0  0  0  1]
 [ 9 14  0  1  0  0  0  0  2  1]
 [ 7  0 13 12  0  0  0  0  2  9]
 [ 1  0  5  8  0  0  0  0  3  2]
 [ 4  5  0  0  0  0  0  0  4  0]
 [ 2  0  2  4  0  0  0  0  3  3]
 [ 3  0  8  6  0  0  0  0  1  9]
 [ 6 16  3  1  0  0  0  0  0  0]
 [ 7  0  4  2  0  0  0  0  9  7]
 [18  1  8  6  0  0  0  0 19 21]]
BEST VAL Acc :   0.3400
checkpoint_name:Densenet 4epoch lr:0.01
train_loss: 1.8143 || train_acc: 0.28429 || train_f1: 0.16269 || train_precision: 0.16685 || train_recall: 0.18237
[[ 15  19   6   0   1   0   0  12   2   9]
 [ 13  26   4   0   0   0   0  22   0  15]
 [  0   0  25  10   0   0   0   0   3  56]
 [  0   0  24   2   0   0   0   0   3  21]
 [  4  10   2   0   0   0   0   7   2   3]
 [  0   0   4   1   0   0   0   0   5  17]
 [  0   0  18   0   0   0   0   0   1  24]
 [ 13  21   0   1   0   0   0  11   0  10]
 [  1   0  10   0   0   0   0   0   5  80]
 [  1   0  25   1   0   0   0   0  20 115]]
val_loss: 1.8669 || val_acc: 0.29667 || val_f1: 0.17969 || val_precision: 0.20005 || val_recall: 0.21004
[[ 4  2  0  0  0  0  0 19  0  4]
 [ 2  2  1  0  0  0  0 18  1  3]
 [ 0  1 10  6  0  0  0  0  1 25]
 [ 0  1  5  4  0  0  0  0  1  8]
 [ 1  0  0  0  0  0  0  8  4  0]
 [ 0  0  3  1  0  0  0  0  4  6]
 [ 0  2  3  3  0  0  0  1  3 15]
 [ 1  4  1  0  0  0  0 16  1  3]
 [ 0  0  1  0  0  0  0  2  5 21]
 [ 0  2  5  1  0  0  0  2 15 48]]
BEST VAL Acc :   0.3400
checkpoint_name:Densenet 5epoch lr:0.01
train_loss: 1.73064 || train_acc: 0.35429 || train_f1: 0.20174 || train_precision: 0.20734 || train_recall: 0.23266
[[ 22  19   6   0   0   0   0   7   1   9]
 [ 12  39   3   2   0   0   0  13   0  11]
 [  0   0  39   9   0   0   0   0   0  46]
 [  0   0  25   5   0   0   0   0   0  20]
 [  5  11   2   0   0   0   0   5   0   5]
 [  0   0  10   0   0   0   0   0   0  17]
 [  0   0  17   7   0   0   0   0   0  19]
 [ 11  26   4   0   0   0   0   8   0   7]
 [  0   0  14   1   0   0   0   0   1  80]
 [  1   0  18   4   0   0   0   0   5 134]]
val_loss: 1.76597 || val_acc: 0.36333 || val_f1: 0.22027 || val_precision: 0.21719 || val_recall: 0.26376
[[15  3  0  0  7  0  0  0  0  4]
 [ 3  8  1  0 11  0  0  0  0  4]
 [ 0  0  6  7  0  0  0  0  0 30]
 [ 0  0  3  7  0  0  0  0  0  9]
 [ 2  2  0  0  5  0  0  0  0  4]
 [ 0  0  3  1  0  0  0  0  0 10]
 [ 0  0  3  4  0  0  0  0  0 20]
 [ 4  8  1  0  9  0  0  0  0  4]
 [ 0  0  1  0  1  0  0  0  0 27]
 [ 0  0  4  0  1  0  0  0  0 68]]
BEST VAL Acc :   0.3633
checkpoint_name:Densenet 6epoch lr:0.01
train_loss: 1.7088 || train_acc: 0.35429 || train_f1: 0.22299 || train_precision: 0.26246 || train_recall: 0.24343
[[ 22  16   4   0   1   0   0   8   1  12]
 [ 18  37   4   3   1   0   0   9   0   8]
 [  0   0  41   7   0   0   0   0   1  45]
 [  0   0  19  10   0   0   1   0   1  19]
 [  4  12   0   0   1   0   0   4   0   7]
 [  0   0   6   4   0   0   0   0   0  17]
 [  0   0  19   5   0   0   0   0   0  19]
 [  8  30   2   0   0   0   0   8   0   8]
 [  0   0  11   2   0   0   0   0   4  79]
 [  0   0  23   3   0   0   0   0  11 125]]
val_loss: 2.04413 || val_acc: 0.30333 || val_f1: 0.17125 || val_precision: 0.15679 || val_recall: 0.22013
[[ 9  0  0  0  0  0  0 16  0  4]
 [ 5  0  1  0  0  0  0 17  3  1]
 [ 0  0  8  0  0  0  0  0  4 31]
 [ 0  0 10  0  0  0  0  0  2  7]
 [ 1  0  0  0  0  0  0 10  0  2]
 [ 0  0  2  0  0  0  0  0  4  8]
 [ 0  0  7  0  0  0  0  0  4 16]
 [ 4  0  0  0  0  0  0 17  1  4]
 [ 0  0  0  0  0  0  0  1 13 15]
 [ 0  0  4  0  0  0  0  3 22 44]]
BEST VAL Acc :   0.3633
