=========================  Times_AcT  =========================
{'base_model': 'Times_AcT', 'pretrained': True, 'lr': 0.05, 'start_epoch': 1, 'num_epochs': 5, 'continue_epoch': False, 'num_classes': 10, 'batch_size': 16, 'annotation_path': '../dataset/annotation_dict.json', 'augmented_annotation_path': '../dataset/augmented_annotation_dict.json', 'model_path': './models/weights/Times_AcT/', 'history_path': './history/'}checkpoint_name:Times_AcT 1epoch lr:0.05
train_loss: 2.0211 || train_acc: 0.14481 || train_f1: 0.04145 || train_precision: 0.11151 || train_recall: 0.09865
[[  23    6  579   78    3    1    0    0    0    2]
 [  22    1  635   84    0    0    0    0    4    2]
 [ 131   29 3420  509    3    7    4    0    9    8]
 [  77   17 2083  281    1    3    4    0    2   10]
 [  11    1  263   24    0    0    0    0    0    1]
 [  55    5 1438  168    1    3    1    0    6    3]
 [  95   17 2231  331    2    2    7    0    4    2]
 [  11    2  410   75    0    1    2    0    0    1]
 [ 131   17 3790  579    1    5    3    0   11    8]
 [ 271   46 6849  988    9    8    9    0   10   13]]
val_loss: 1.92361 || val_acc: 0.16214 || val_f1: 0.0279 || val_precision: 0.01621 || val_recall: 0.1
[[   0    0  304    0    0    0    0    0    0    0]
 [   0    0  322    0    0    0    0    0    0    0]
 [   0    0 1804    0    0    0    0    0    0    0]
 [   0    0 1012    0    0    0    0    0    0    0]
 [   0    0  126    0    0    0    0    0    0    0]
 [   0    0  682    0    0    0    0    0    0    0]
 [   0    0 1175    0    0    0    0    0    0    0]
 [   0    0  210    0    0    0    0    0    0    0]
 [   0    0 1945    0    0    0    0    0    0    0]
 [   0    0 3546    0    0    0    0    0    0    0]]
BEST VAL Acc :   0.1621
checkpoint_name:Times_AcT 2epoch lr:0.05
train_loss: 1.97554 || train_acc: 0.14685 || train_f1: 0.03795 || train_precision: 0.0291 || train_recall: 0.09793
[[  16    4  608   64    0    0    0    0    0    0]
 [  12    3  655   78    0    0    0    0    0    0]
 [ 125   26 3597  372    0    0    0    0    0    0]
 [  56   13 2213  196    0    0    0    0    0    0]
 [   9    3  263   25    0    0    0    0    0    0]
 [  42    8 1492  138    0    0    0    0    0    0]
 [  58    9 2396  228    0    0    0    0    0    0]
 [   9    3  448   42    0    0    0    0    0    0]
 [ 116   20 4017  392    0    0    0    0    0    0]
 [ 206   44 7230  723    0    0    0    0    0    0]]
val_loss: 1.97607 || val_acc: 0.16214 || val_f1: 0.0279 || val_precision: 0.01621 || val_recall: 0.1
[[   0    0  304    0    0    0    0    0    0    0]
 [   0    0  322    0    0    0    0    0    0    0]
 [   0    0 1804    0    0    0    0    0    0    0]
 [   0    0 1012    0    0    0    0    0    0    0]
 [   0    0  126    0    0    0    0    0    0    0]
 [   0    0  682    0    0    0    0    0    0    0]
 [   0    0 1175    0    0    0    0    0    0    0]
 [   0    0  210    0    0    0    0    0    0    0]
 [   0    0 1945    0    0    0    0    0    0    0]
 [   0    0 3546    0    0    0    0    0    0    0]]
BEST VAL Acc :   0.1621
checkpoint_name:Times_AcT 3epoch lr:0.05
train_loss: 1.98832 || train_acc: 0.14823 || train_f1: 0.04037 || train_precision: 0.08616 || train_recall: 0.09977
[[  12    7  590   82    0    0    0    0    1    0]
 [  26    6  636   79    0    0    0    0    1    0]
 [ 116   31 3560  408    0    1    0    0    4    0]
 [  58   21 2134  264    0    1    0    0    0    0]
 [   8    1  264   27    0    0    0    0    0    0]
 [  46   13 1442  177    0    1    0    0    1    0]
 [  71   25 2312  283    0    0    0    0    0    0]
 [  14    5  421   62    0    0    0    0    0    0]
 [ 123   42 3892  482    0    0    1    0    5    0]
 [ 220   77 6999  901    0    1    1    0    4    0]]
val_loss: 1.93972 || val_acc: 0.16214 || val_f1: 0.0279 || val_precision: 0.01621 || val_recall: 0.1
[[   0    0  304    0    0    0    0    0    0    0]
 [   0    0  322    0    0    0    0    0    0    0]
 [   0    0 1804    0    0    0    0    0    0    0]
 [   0    0 1012    0    0    0    0    0    0    0]
 [   0    0  126    0    0    0    0    0    0    0]
 [   0    0  682    0    0    0    0    0    0    0]
 [   0    0 1175    0    0    0    0    0    0    0]
 [   0    0  210    0    0    0    0    0    0    0]
 [   0    0 1945    0    0    0    0    0    0    0]
 [   0    0 3546    0    0    0    0    0    0    0]]
BEST VAL Acc :   0.1621
checkpoint_name:Times_AcT 4epoch lr:0.05
train_loss: 1.99001 || train_acc: 0.14808 || train_f1: 0.04063 || train_precision: 0.04955 || train_recall: 0.10003
[[  14    4  587   86    0    0    1    0    0    0]
 [  11    2  649   84    0    0    1    0    1    0]
 [  86   26 3525  478    0    0    5    0    0    0]
 [  46   15 2112  299    0    0    4    0    2    0]
 [   8    0  248   41    0    0    0    0    3    0]
 [  34    7 1473  164    0    0    1    0    1    0]
 [  61   13 2305  307    0    0    2    0    3    0]
 [  10    1  449   42    0    0    0    0    0    0]
 [ 116   23 3846  551    0    0    7    0    2    0]
 [ 191   39 7052  910    0    0    7    0    4    0]]
val_loss: 1.92048 || val_acc: 0.16214 || val_f1: 0.0279 || val_precision: 0.01621 || val_recall: 0.1
[[   0    0  304    0    0    0    0    0    0    0]
 [   0    0  322    0    0    0    0    0    0    0]
 [   0    0 1804    0    0    0    0    0    0    0]
 [   0    0 1012    0    0    0    0    0    0    0]
 [   0    0  126    0    0    0    0    0    0    0]
 [   0    0  682    0    0    0    0    0    0    0]
 [   0    0 1175    0    0    0    0    0    0    0]
 [   0    0  210    0    0    0    0    0    0    0]
 [   0    0 1945    0    0    0    0    0    0    0]
 [   0    0 3546    0    0    0    0    0    0    0]]
BEST VAL Acc :   0.1621
checkpoint_name:Times_AcT 5epoch lr:0.05
train_loss: 1.98686 || train_acc: 0.148 || train_f1: 0.0399 || train_precision: 0.04095 || train_recall: 0.09947
[[  11    5  582   92    0    1    0    0    1    0]
 [  11    4  644   88    0    1    0    0    0    0]
 [  81   20 3552  460    0    3    0    0    4    0]
 [  43    7 2151  273    0    3    0    0    1    0]
 [   6    0  258   36    0    0    0    0    0    0]
 [  34    8 1430  203    0    2    0    0    3    0]
 [  55   12 2318  302    0    2    0    0    2    0]
 [  11    3  420   67    0    1    0    0    0    0]
 [  88   18 3953  483    0    3    0    0    0    0]
 [ 155   34 7056  949    0    4    0    0    5    0]]
val_loss: 1.92573 || val_acc: 0.16214 || val_f1: 0.0279 || val_precision: 0.01621 || val_recall: 0.1
[[   0    0  304    0    0    0    0    0    0    0]
 [   0    0  322    0    0    0    0    0    0    0]
 [   0    0 1804    0    0    0    0    0    0    0]
 [   0    0 1012    0    0    0    0    0    0    0]
 [   0    0  126    0    0    0    0    0    0    0]
 [   0    0  682    0    0    0    0    0    0    0]
 [   0    0 1175    0    0    0    0    0    0    0]
 [   0    0  210    0    0    0    0    0    0    0]
 [   0    0 1945    0    0    0    0    0    0    0]
 [   0    0 3546    0    0    0    0    0    0    0]]
BEST VAL Acc :   0.1621
checkpoint_name:Times_AcT 6epoch lr:0.05
train_loss: 1.98358 || train_acc: 0.14735 || train_f1: 0.04072 || train_precision: 0.04597 || train_recall: 0.09964
[[   9    2  587   94    0    0    0    0    0    0]
 [  13    8  627  100    0    0    0    0    0    0]
 [  68   27 3509  511    0    4    1    0    0    0]
 [  31   20 2128  297    0    2    0    0    0    0]
 [   2    3  254   41    0    0    0    0    0    0]
 [  13    8 1424  233    0    2    0    0    0    0]
 [  31   16 2285  358    0    1    0    0    0    0]
 [   8    2  431   60    0    1    0    0    0    0]
 [  64   40 3860  580    0    0    1    0    0    0]
 [ 105   65 7006 1023    0    4    0    0    0    0]]
val_loss: 1.98217 || val_acc: 0.16214 || val_f1: 0.0279 || val_precision: 0.01621 || val_recall: 0.1
[[   0    0  304    0    0    0    0    0    0    0]
 [   0    0  322    0    0    0    0    0    0    0]
 [   0    0 1804    0    0    0    0    0    0    0]
 [   0    0 1012    0    0    0    0    0    0    0]
 [   0    0  126    0    0    0    0    0    0    0]
 [   0    0  682    0    0    0    0    0    0    0]
 [   0    0 1175    0    0    0    0    0    0    0]
 [   0    0  210    0    0    0    0    0    0    0]
 [   0    0 1945    0    0    0    0    0    0    0]
 [   0    0 3546    0    0    0    0    0    0    0]]
BEST VAL Acc :   0.1621
